39 27
111110101110101010111110111111101111101
100000101000101010001000101010101000101
111110101011101110111011101010101010111
100000101010000010100000101000101010100
111110111111101111111110101010111011111
100000100010001000001000001010100000101
111010101111101110111011101011111110101
001010101010000010100000101000100000000
111110101011101110111111101110111110111
101010101000000000100000100010001000100
101010101111111011111011101011101111111
000010001000000000100010001010001000001
111010111111101111101110111011101111101
101010000000101000001010001010000010000
101111111010111111101011111010111010111
100010000010100000100000000010001000100
101110111111101111111011111111101110111
001000000010000010000010101000100010001
111110101110101110111110101010111111111
000010100000101010101010001010000010101
111111101011111011101011101011101110101
000010001010100000000000000010001000001
111111111110101010101011101111111010111
001000100000101010101010100010000010100
111010101111101111111110101111101111111
000010100010001000000000000010001000001
111111101111111111101111111110111110111